Order	PID	MS SubClass	SalePrice
1	0526301100	020	215000
2	0526350040	020	105000
3	0526351010	020	172000
4	0526353030	020	244000
5	0527105010	060	189900
6	0527105030	060	195500
7	0527127150	120	213500
8	0527145080	120	191500
9	0527146030	120	236500
10	0527162130	060	189000
11	0527163010	060	175900
12	0527165230	020	185000
13	0527166040	060	180400
14	0527180040	020	171500
15	0527182190	120	212000
16	0527216070	060	538000
17	0527225035	050	164000
18	0527258010	020	394432
19	0527276150	020	141000
20	0527302110	020	210000
21	0527358140	020	190000
22	0527358200	085	170000
23	0527368020	060	216000
24	0527402200	020	149000
25	0527402250	020	149900
26	0527403020	020	142000
27	0527404120	020	126000
28	0527425090	020	115000
29	0527427230	120	184000
30	0527451180	160	96000
31	0527451330	160	105500
32	0527451410	160	88000
33	0527452190	120	127500
34	0527453130	160	149900
35	0527453150	120	120000
36	0527454200	160	146000
37	0528108120	060	376162
38	0528112020	020	306000
39	0528120060	020	395192
40	0528120090	020	290941
41	0528120100	020	220000
42	0528120120	020	275000
43	0528138020	020	259000
44	0528138060	020	214000
45	0528150070	020	611657
46	0528175010	120	224000
47	0528176010	020	500000
48	0528176070	060	320000
49	0528180070	120	319900
50	0528181050	120	205000
51	0528188120	160	175500
52	0528218150	020	199500
53	0528228285	120	160000
54	0528228440	120	192000
55	0528231020	080	184500
56	0528240070	060	216500
57	0528240130	060	185088
58	0528250100	080	180000
59	0528292020	060	222500
60	0528328100	060	333168
61	0528344070	060	355000
62	0528358010	020	260400
63	0528363130	060	325000
64	0528382020	060	290000
65	0528382030	060	221000
66	0528386040	050	410000
67	0528445060	020	221500
68	0528456160	020	204500
69	0528458070	060	215200
70	0528458110	020	262500
71	0528477080	060	254900
72	0528480090	020	271500
73	0531367050	060	233000
74	0531369060	060	181000
75	0531380080	060	205000
76	0531451110	120	143000
77	0531451280	060	189000
78	0531452020	120	99500
79	0531452050	120	125000
80	0531452180	060	194500
81	0531453010	020	152000
82	0531453040	060	171000
83	0531477050	030	67500
84	0532351140	090	112000
85	0532354090	085	148000
86	0532376160	020	138500
87	0532377060	020	122000
88	0532377100	020	133000
89	0532378110	020	127000
90	0532479070	020	169000
91	0533130020	060	190000
92	0533130130	060	362500
93	0533130160	060	285000
94	0533205060	120	260000
95	0533208090	160	190000
96	0533210060	160	155000
97	0533212010	160	151000
98	0533212020	160	149500
99	0533212060	160	152000
100	0533213030	020	222000
101	0533221090	160	177500
102	0533221110	160	177000
103	0533223020	160	155000
104	0533223100	160	147110
105	0533238045	020	267916
106	0533244030	060	254000
107	0533253060	120	155000
108	0533253210	120	206000
109	0533352170	060	130500
110	0534102025	020	230000
111	0534129040	020	218500
112	0534151175	060	243500
113	0534152050	020	205000
114	0534152070	050	212500
115	0534152100	060	196500
116	0534176060	020	197500
117	0534176230	060	171000
118	0534202160	020	142250
119	0534251320	020	143000
120	0534276360	020	128950
121	0534401110	020	159000
122	0534401140	020	178900
123	0534403360	080	136300
124	0534403410	080	180500
125	0534425310	085	137500
126	0534427010	090	84900
127	0534430080	020	142125
128	0534431050	050	197600
129	0534431070	050	172500
130	0534450180	020	116500
131	0534451150	030	76500
132	0534475100	020	128000
133	0534476260	080	153000
134	0534479320	020	132000
135	0535101020	085	178000
136	0535106190	090	154300
137	0535125010	020	180000
138	0535126040	020	190000
139	0535152010	090	135000
140	0535152050	020	214000
141	0535152130	020	136000
142	0535152150	020	165500
143	0535152250	020	145000
144	0535153070	020	148000
145	0535154050	020	142000
146	0535175070	020	167500
147	0535175180	020	108538
148	0535179020	020	159500
146	0535175070	020	167500
147	0535175180	020	108538
148	0535179020	020	159500
149	0535180130	050	108000
150	0535302080	020	135000
151	0535302200	020	122500
152	0535304060	190	119000
153	0535304180	020	109000
154	0535325400	030	105000
155	0535327140	020	107500
156	0535350030	020	144900
157	0535350040	020	129000
158	0535353190	050	97500
159	0535377090	090	144000
160	0535401080	020	162000
161	0535425010	080	242000
162	0535450210	050	132000
163	0535453070	020	154000
164	0535454070	050	166000
165	0535456110	020	134800
166	0535457010	020	160000
167	0535457090	020	148000
168	0535476350	020	192000
169	0535477020	060	155000
170	0902102100	050	80400
171	0902104060	050	96500
172	0902106130	030	109500
173	0902106140	030	115000
174	0902110090	020	143000
175	0902125080	050	107400
176	0902125160	030	80000
177	0902128170	030	119000
178	0902206040	050	130000
179	0902206130	045	119000
180	0902206220	050	129000
181	0902206240	050	100000
182	0902207130	030	12789
183	0902207140	030	105900
184	0902305110	070	150000
185	0902327040	050	139000
186	0902329030	070	240000
187	0902401060	190	76500
188	0902402010	020	149700
189	0902402130	070	125500
190	0902402250	190	122500
191	0902403070	070	140750
192	0903204040	050	128500
193	0903206120	075	209500
194	0903225150	030	87000
195	0903226160	050	134000
196	0903227020	050	128000
197	0903227150	050	132000
198	0903228150	050	139900
199	0903232190	050	123900
200	0903233120	050	138400
201	0903234050	030	109500
202	0903425110	070	140000
203	0903426180	050	149500
204	0903426200	070	159900
205	0903430080	070	122000
206	0903450110	090	110000
207	0903454060	190	55000
208	0903476030	190	140000
209	0904100140	070	244400
210	0904101110	020	173000
211	0904300150	050	107500
212	0904302260	190	100000
213	0904350045	050	95000
214	0904351040	070	93369
215	0904352190	190	114900
216	0905101100	050	94000
217	0905101300	090	136000
218	0905101310	090	136500
219	0905102060	190	131500
220	0905103060	020	121500
221	0905104210	020	125000
222	0905105070	020	154000
223	0905105200	020	137900
224	0905106140	060	158000
225	0905106170	020	137250
226	0905107110	090	160250
227	0905107250	060	163000
228	0905107320	060	158900
229	0905109130	060	328000
230	0905109170	020	270000
231	0905201030	030	85000
232	0905202090	020	128000
233	0905325030	040	260000
234	0905352140	060	230000
235	0905378040	050	124000
236	0905426060	030	83000
237	0905426200	020	144500
238	0905451320	020	129000
239	0905452110	050	127000
240	0905452160	020	128000
241	0905453040	020	186000
242	0905453080	020	308030
243	0905475510	020	114000
244	0905478190	020	84900
245	0906201030	060	178000
246	0906201120	020	270000
247	0906204230	060	218000
248	0906223090	060	236000
249	0906225210	085	147000
250	0906378100	020	245350
251	0906380190	020	206000
252	0906385010	020	198900
253	0906385020	020	187000
254	0906402200	060	320000
255	0906425045	050	138500
256	0906477110	080	155000
257	0907125090	085	159000
258	0907180050	060	191000
259	0907185060	060	200500
260	0907200280	020	150000
261	0907200290	060	161750
262	0907200340	020	128200
263	0907203070	020	127000
264	0907250030	020	318000
265	0907252120	020	272000
266	0907262050	060	237000
267	0907280040	060	240000
268	0907290040	020	224900
269	0907290170	120	143750
270	0907290240	120	143000
271	0907401090	020	232000
272	0907410080	020	213000
273	0907414030	020	185500
274	0908102060	030	84900
275	0908102110	020	155891
276	0908102130	090	100000
277	0908102170	020	144000
278	0908102300	050	64000
279	0908103350	080	125200
280	0908152080	080	107000
281	0908203100	020	90000
282	0908208020	020	140000
283	0908225320	050	113000
284	0908226130	190	80000
285	0908275300	020	144500
286	0909100080	030	104000
287	0909100110	070	128000
288	0909101070	030	58500
289	0909176140	050	127000
290	0909176150	030	126000
291	0909177100	090	160000
292	0909250030	050	100000
293	0909250060	050	169000
294	0909281080	050	257500
295	0909426080	090	215000
296	0909427230	070	266500
297	0909428280	020	335000
298	0909452114	080	203135
299	0909455030	120	185000
300	0909455040	120	162500
301	0909475140	020	289000
302	0910202060	050	125500
303	0910203250	030	82000
304	0910205120	050	110000
305	0911128180	050	68400
306	0911202100	050	102776
307	0911204090	020	55993
308	0911204100	030	50138
309	0911370510	120	246000
310	0914467040	060	254900
311	0914475090	080	190000
312	0914476520	020	201000
313	0914478045	080	169900
314	0914478110	090	170000
315	0916125360	020	160000
316	0916386010	020	220000
317	0916386020	020	179781
318	0916386060	060	174000
319	0916386090	060	269500
320	0916455170	060	214900
321	0916475110	060	202900
322	0921128020	020	378500
323	0923201020	020	169000
324	0923202105	020	173500
325	0923204150	090	139000
326	0923205015	020	166500
327	0923225300	160	83500
328	0923225390	120	119500
329	0923225440	160	85000
330	0923226250	160	76000
331	0923226320	180	75500
332	0923228270	160	88250
333	0923228370	160	85500
334	0923230190	020	130000
335	0923251080	020	157900
336	0923276030	020	149900
337	0923276250	090	159000
338	0923426070	060	136000
339	0924100050	050	161000
340	0924151040	020	285000
341	0924152030	060	231000
342	0526302110	020	124500
343	0526351100	020	157000
344	0526355080	080	345000
345	0527105070	060	189500
346	0527105130	060	270000
347	0527107130	080	189000
348	0527108070	020	377500
349	0527110020	080	168500
350	0527127100	120	375000
351	0527131030	120	278000
352	0527132090	120	240000
353	0527146010	120	239500
354	0527161040	080	177500
355	0527162110	060	185000
356	0527162120	060	191000
357	0527163040	060	178000
358	0527163070	060	185000
359	0527163130	060	181316
360	0527164020	020	166000
361	0527164060	060	178000
362	0527164090	060	174000
363	0527165130	020	173000
364	0527166010	060	225000
365	0527180100	020	180500
366	0527182110	120	187500
367	0527214050	020	501837
368	0527254020	020	372500
369	0527258020	020	260000
370	0527276160	060	185000
371	0527301320	060	260000
372	0527302175	020	181000
373	0527326040	020	82500
374	0527326150	020	215000
375	0527352150	060	154000
376	0527353020	020	200000
377	0527353060	060	249000
378	0527354100	080	187500
379	0527354200	020	184000
380	0527355150	020	278000
381	0527356040	020	157000
382	0527359050	020	152000
383	0527359180	060	197500
384	0527364030	060	240900
385	0527365030	060	263435
386	0527366030	060	220000
387	0527368010	060	235000
388	0527375100	020	213000
389	0527375180	020	167900
390	0527375210	020	158000
391	0527376100	020	165000
392	0527378140	080	158000
393	0527401160	090	136000
394	0527402220	020	148500
395	0527403040	020	156000
396	0527404020	020	128000
397	0527404030	020	143000
398	0527405130	020	76500
399	0527405160	020	120500
400	0527405180	020	124500
401	0527425060	020	97000
402	0527425110	020	130000
403	0527450280	160	111000
404	0527451110	160	125000
405	0527451320	160	112000
406	0527451540	160	97000
407	0527451640	160	118000
408	0527451650	160	119500
409	0527452060	120	143750
410	0527453050	160	146000
411	0527453060	160	148500
412	0527453140	120	123000
413	0527454050	160	147000
414	0527454130	160	137900
415	0527455050	160	147000
416	0527455060	160	148500
417	0527455080	160	138000
418	0527455090	120	128500
419	0527455240	020	100000
420	0527455280	020	148800
421	0528102040	020	337500
422	0528102140	060	462000
423	0528104070	060	485000
424	0528106020	020	555000
425	0528106070	020	325000
426	0528108010	020	256300
427	0528108020	020	253293
428	0528108040	060	398800
429	0528108070	060	335000
430	0528108130	020	404000
431	0528108140	020	402861
432	0528110010	060	451950
433	0528110020	020	610000
434	0528110090	060	582933
435	0528112040	020	360000
436	0528116010	020	296000
437	0528118060	060	409900
438	0528120020	020	255500
439	0528120030	020	335000
440	0528120160	020	274900
441	0528120170	020	300000
442	0528138010	020	324000
443	0528142040	060	350000
444	0528142090	020	280000
445	0528142130	020	284000
446	0528142150	020	269500
447	0528144020	020	233170
448	0528166060	020	386250
449	0528166090	020	445000
450	0528168030	060	290000
451	0528172060	020	255900
452	0528174050	120	213000
453	0528174060	120	196000
454	0528174070	120	184500
455	0528175050	120	212500
456	0528175060	120	230000
457	0528176030	020	552000
458	0528178010	020	382500
459	0528180120	120	320000
460	0528180130	120	248500
461	0528186010	020	286500
462	0528186180	120	254000
463	0528188020	120	173000
464	0528188060	160	173000
465	0528218090	060	184000
466	0528220040	060	167800
467	0528221060	060	174000
468	0528221070	060	174000
469	0528228290	120	174000
470	0528228295	120	175900
471	0528228435	120	192500
472	0528228450	120	181000
473	0528228455	120	180000
474	0528228460	120	160200
475	0528235010	060	188500
476	0528235090	060	200000
477	0528235200	080	170000
478	0528240030	060	189500
479	0528240060	080	184100
480	0528240150	060	195500
481	0528250020	060	192000
482	0528250040	060	178000
483	0528253010	120	207500
484	0528275070	060	236000
485	0528275160	060	257500
486	0528280230	060	244000
487	0528290030	080	167000
488	0528290120	060	179000
489	0528290180	060	190000
490	0528290190	080	156000
491	0528292030	060	245000
492	0528292040	060	181000
493	0528292070	060	214000
494	0528294050	080	168000
495	0528315090	060	337000
496	0528321010	060	403000
497	0528327070	060	327000
498	0528344040	060	340000
499	0528344100	060	336000
500	0528354050	060	265000
501	0528363050	020	315000
502	0528365070	060	260000
503	0528385050	060	260000
504	0528387030	060	263550
505	0528390100	060	402000
506	0528390210	060	248000
507	0528427020	020	244600
508	0528431020	020	275000
509	0528431070	020	257500
510	0528435030	020	287090
511	0528435050	020	275500
512	0528439060	020	245000
513	0528441020	060	253000
514	0528441090	020	468000
515	0528456180	060	252678
516	0528456220	060	210000
517	0528456240	020	208300
518	0528458020	020	225000
519	0528458040	020	229456
520	0528458060	020	229800
521	0528458140	020	250000
522	0528458160	020	370878
523	0528458180	020	238500
524	0528477050	060	310000
525	0528477070	060	270000
526	0528480040	060	252000
527	0528480130	060	241000
528	0528480170	020	264500
529	0528482040	020	291000
530	0528482130	060	263000
531	0528488100	020	185000
532	0528490040	020	234500
533	0528490070	060	209000
534	0531363010	020	159000
535	0531363030	020	152000
536	0531363050	020	143500
537	0531369010	060	193000
538	0531369020	020	203000
539	0531371050	020	184900
540	0531375040	020	159000
541	0531375090	020	142000
542	0531375130	020	153000
543	0531376090	020	224243
544	0531379050	060	220000
545	0531382070	020	257000
546	0531385020	020	189000
547	0531450120	060	171500
548	0531452010	160	120000
549	0531452070	120	145000
550	0531452260	060	184000
551	0531453100	060	162000
552	0531475220	090	160000
553	0531477020	020	82000
554	0531479020	045	76000
555	0532353020	020	110000
556	0532353130	020	135000
557	0532354160	020	141000
558	0532354230	020	122000
559	0532376070	020	124100
560	0532376110	020	129000
561	0532377130	020	131400
562	0532378120	020	62383
563	0532378180	020	123000
564	0532478020	020	275000
565	0533135020	060	235000
566	0533206020	160	280750
567	0533210010	160	164500
568	0533210020	160	173733
569	0533213010	120	222000
570	0533213020	120	195000
571	0533213040	160	172500
572	0533221040	160	180000
573	0533223030	160	156000
574	0533236050	160	172500
575	0533252040	020	318750
576	0533253070	120	211500
577	0533254050	020	241600
578	0533254110	080	180500
579	0533352150	020	150000
580	0534125080	060	154000
581	0534127130	020	185000
582	0534127170	020	185750
583	0534128010	060	200000
584	0534128020	060	206000
585	0534128100	060	162000
586	0534128190	060	256900
587	0534129080	080	197900
588	0534129370	020	163000
589	0534129380	020	113000
590	0534151120	060	230000
591	0534152120	020	167900
592	0534175080	020	213250
593	0534177230	060	227000
594	0534200030	020	130000
595	0534202170	020	143000
596	0534226120	020	117500
597	0534250400	060	168500
598	0534251030	085	172500
599	0534252240	020	161500
600	0534275060	020	141500
601	0534275100	020	118000
602	0534276040	020	127500
603	0534277090	020	140000
604	0534278070	020	177625
605	0534278230	090	110000
606	0534400050	020	167000
607	0534400290	020	153000
608	0534402060	020	145100
609	0534402140	020	154000
610	0534402170	060	177500
611	0534403370	080	158000
612	0534426110	020	124500
613	0534429150	080	174500
614	0534431130	020	122000
615	0534450150	030	82500
616	0534451110	050	110000
617	0534475185	020	149500
618	0534475250	020	175000
619	0534476150	020	167000
620	0534476320	020	128900
621	0534477110	050	140000
622	0534478230	020	147000
623	0535101120	090	124000
624	0535104120	020	187500
625	0535105100	020	159000
626	0535125070	020	256000
627	0535125090	060	205000
628	0535126010	060	193500
629	0535126100	020	110000
630	0535150070	050	104900
631	0535151040	020	150000
632	0535152230	020	156500
633	0535154060	020	176000
634	0535154130	020	149500
635	0535175030	020	139000
636	0535175050	020	155000
637	0535178040	020	120000
638	0535178120	020	153000
639	0535179160	020	144000
640	0535300120	080	176000
641	0535301170	020	153000
642	0535302120	090	135000
643	0535303110	020	131000
644	0535303150	020	123000
645	0535304100	020	126000
646	0535325290	020	115000
647	0535351050	020	164900
648	0535352090	030	113000
649	0535353040	020	145500
650	0535353060	020	102900
651	0535353140	190	95000
652	0535353240	060	152500
653	0535354070	020	129900
654	0535354100	020	132000
655	0535375010	020	99900
656	0535375050	050	135000
657	0535376060	060	149000
658	0535377150	070	114000
659	0535378020	030	109500
660	0535378120	030	125000
661	0535381040	050	142900
662	0535382100	070	156500
663	0535383060	030	59000
664	0535383070	050	105000
665	0535383110	030	106000
666	0535383120	030	78500
667	0535402010	090	190000
668	0535402090	020	154000
669	0535402270	020	163000
670	0535402330	090	200000
671	0535403190	020	143500
672	0535403210	020	135000
673	0535403280	020	153000
674	0535425070	020	157500
675	0535426150	020	113500
676	0535450070	040	133000
677	0535450160	090	92900
678	0535450200	050	128500
679	0535451170	090	90000
680	0535451250	050	138000
681	0535452090	020	128000
682	0535452100	020	139000
683	0535452140	020	118900
684	0535453100	080	138000
685	0535453200	020	132500
686	0535454100	050	133500
687	0535454160	050	135000
688	0535475010	060	144750
689	0535476110	090	145000
690	0535476240	020	127000
691	0535477150	020	109500
692	0902101010	050	115000
693	0902102080	050	110000
694	0902103100	050	128900
695	0902103120	090	103500
696	0902103170	050	66500
697	0902105050	050	130000
698	0902105060	070	129000
699	0902106010	070	150000
700	0902106060	070	107500
701	0902109130	190	94550
702	0902109140	090	124500
703	0902110080	060	135000
704	0902134120	050	103000
705	0902135020	020	93000
706	0902201110	050	129500
707	0902202150	190	93000
708	0902204080	030	80000
709	0902205010	030	45000
710	0902205030	050	37900
711	0902206260	030	91300
712	0902207170	030	99500
713	0902300090	190	113000
714	0902301060	070	87500
715	0902301080	050	110000
716	0902325070	075	106000
717	0902326030	070	265979
718	0902327070	070	160000
719	0902329080	070	119000
720	0902330040	070	168000
721	0902331010	030	58500
722	0902401130	070	143000
723	0902402150	030	85000
724	0902405100	050	124900
725	0902405120	050	119000
726	0902406070	070	146500
727	0902477120	030	34900
728	0902477130	030	44000
729	0903200080	070	223500
730	0903201020	030	149000
731	0903201080	050	205000
732	0903202170	070	137000
733	0903205040	030	121000
734	0903226130	050	128000
735	0903226170	050	134900
736	0903227070	050	117000
737	0903227090	050	132500
738	0903228070	050	93000
739	0903228120	045	119000
740	0903230100	030	100000
741	0903231010	050	141500
742	0903231030	050	133000
743	0903231060	030	60000
744	0903231130	030	105000
745	0903232060	030	115000
746	0903234220	050	150000
747	0903236040	030	126500
748	0903400220	075	214500
749	0903425245	070	167500
750	0903427120	070	155000
751	0903429080	070	155000
752	0903429110	070	179900
753	0903430060	075	104000
754	0903430070	090	62500
755	0903451090	070	149000
756	0903458170	030	103000
757	0903475100	070	123000
758	0903476090	190	97500
759	0903481120	050	135000
760	0903481130	085	70000
761	0903484110	190	116000
762	0904100190	020	88750
763	0904301060	090	179000
764	0904301070	090	179000
765	0904301100	090	159900
766	0904301375	030	61000
767	0904351200	070	103600
768	0904351240	050	63000
769	0905101260	080	175000
770	0905101490	020	139000
771	0905103040	060	172500
772	0905103070	020	113500
773	0905105190	020	130000
774	0905107310	085	149900
775	0905108190	085	134900
776	0905108220	085	137000
777	0905200220	020	139000
778	0905200260	080	165000
779	0905200350	080	148000
780	0905225090	080	165000
781	0905228050	020	63900
782	0905229040	050	161500
783	0905325020	020	143000
784	0905377010	020	135000
785	0905377130	030	82500
786	0905401100	020	190000
787	0905402060	020	139600
788	0905402070	020	122000
789	0905450020	020	127500
790	0905451300	020	121500
791	0905451340	020	60000
792	0905452040	060	154400
793	0905452050	030	113000
794	0905475160	020	125000
795	0905475500	020	84000
796	0905476230	120	139500
797	0905478030	050	131000
798	0905480030	050	105000
799	0905480210	070	108000
800	0906201021	080	162000
801	0906201050	080	156500
802	0906201130	050	316600
803	0906203120	020	271900
804	0906223060	060	213000
805	0906223080	060	239900
806	0906223210	060	239500
807	0906226060	070	131000
808	0906226070	090	118964
809	0906226080	090	153337
810	0906226090	090	147983
811	0906226100	090	118858
812	0906226110	090	118858
813	0906226120	090	142953
814	0906226130	090	148325
815	0906226140	090	113722
816	0906230010	090	269500
817	0906230020	090	269500
818	0906230030	090	269500
819	0906340100	020	323262
820	0906340110	020	297000
821	0906340120	020	295493
822	0906340130	020	332000
823	0906378110	020	239900
824	0906380050	060	212000
825	0906380060	020	272500
826	0906380100	020	239000
827	0906380130	020	220000
828	0906380210	020	200000
829	0906380220	020	221800
830	0906392070	020	194500
831	0906392110	020	237000
832	0906392130	060	173000
833	0906402060	080	275000
834	0906426210	060	233500
835	0906475070	060	185000
836	0907126010	020	152000
837	0907126050	020	143000
838	0907130100	060	231500
839	0907131090	060	212000
840	0907131190	020	207000
841	0907135040	020	145000
842	0907135170	020	138000
843	0907175100	060	197900
844	0907180130	020	204000
845	0907181100	020	192000
846	0907185050	060	200000
847	0907192030	060	195000
848	0907192090	020	227000
849	0907194010	060	230000
850	0907194110	020	187100
851	0907194160	020	203000
852	0907196060	020	201000
853	0907200230	020	124000
854	0907201220	020	140000
855	0907201280	020	134900
856	0907202050	020	150500
857	0907202080	020	136500
858	0907202130	020	143500
859	0907227030	020	133500
860	0907227080	020	123000
861	0907227110	085	133900
862	0907227290	085	133000
863	0907250070	020	250000
864	0907252060	060	254750
865	0907252210	020	236500
866	0907252220	060	261500
867	0907253130	060	313000
868	0907260030	060	198500
869	0907265010	060	211000
870	0907275010	020	220000
871	0907275090	020	203000
872	0907275140	020	279500
873	0907280170	020	210000
874	0907285020	060	219500
875	0907285050	060	191000
876	0907290070	020	178000
877	0907290090	020	213000
878	0907290180	120	144000
879	0907290210	120	140000
880	0907410130	020	293200
881	0907412020	060	190000
882	0907414020	020	190000
883	0907414080	060	173500
884	0907420040	060	170000
885	0908102050	020	108000
886	0908102270	020	167000
887	0908102290	020	100000
888	0908128060	085	198500
889	0908151050	060	159500
890	0908152035	020	127000
891	0908152100	080	125000
892	0908154040	020	320000
893	0908186080	180	145500
894	0908201040	020	118000
895	0908203090	020	85000
896	0908225290	020	120000
897	0908225370	050	98000
898	0908229020	030	99900
899	0908250030	020	82000
900	0908275040	090	119900
901	0908275110	020	103500
902	0908276150	020	112000
903	0909101010	050	110000
904	0909101100	050	122000
905	0909101140	050	117000
906	0909129090	050	160000
907	0909129100	050	159434
908	0909175080	030	60000
909	0909178160	050	139500
910	0909179020	075	197000
911	0909250080	070	105000
912	0909250220	050	135000
913	0909251050	030	147500
914	0909251170	050	137450
915	0909252020	070	155000
916	0909253010	050	177000
917	0909253180	050	145000
918	0909254010	070	137000
919	0909257050	070	234000
920	0909275080	050	205000
921	0909276110	070	177500
922	0909276200	050	160000
923	0909277090	020	155000
924	0909277100	030	163500
925	0909278020	050	154900
926	0909279010	090	205000
927	0909282130	020	144800
928	0909425060	070	174500
929	0909425130	020	193000
930	0909426090	050	158000
931	0909427200	020	158500
932	0909428240	020	224000
933	0909451040	160	115000
934	0909451100	160	137000
935	0909451140	160	121000
936	0909451180	160	124000
937	0909452050	080	208000
938	0909475040	020	315000
939	0909475300	020	222000
940	0910202070	070	147000
941	0910204050	070	123000
942	0910205020	070	78000
943	0911103050	050	85000
944	0911104060	030	75000
945	0911370500	120	230000
946	0912251110	030	57625
947	0914465020	060	251000
948	0914465040	050	239686
949	0914465055	020	240000
950	0914474070	060	215000
951	0914475010	085	156450
952	0914475030	085	173000
953	0914476020	090	126000
954	0914476380	080	173000
955	0914476430	020	152000
956	0916176030	020	137500
957	0916176125	020	375000
958	0916380070	020	315500
959	0916382010	060	224500
960	0916382100	020	410000
961	0916382110	020	316500
962	0916386140	020	201000
963	0916403010	020	175000
964	0916403200	060	204000
965	0916403250	080	213500
966	0916455070	020	220000
967	0916460110	060	170000
968	0916475040	020	315000
969	0921128050	020	425000
970	0923201100	020	139500
971	0923202060	020	115000
972	0923203110	120	162000
973	0923203190	120	165000
974	0923225360	180	91000
975	0923225490	020	130000
976	0923226270	180	86000
977	0923227080	020	160000
978	0923228110	180	80000
979	0923228150	160	97000
980	0923228230	160	88000
981	0923230200	085	131900
982	0923252075	080	131250
983	0923275040	085	165500
984	0923275140	020	112000
985	0923276260	085	149000
986	0923400025	050	143000
987	0923400110	060	130000
988	0924100040	020	196000
989	0924100060	060	173000
990	0526351030	020	176500
991	0526353050	020	237500
992	0526354070	060	206900
993	0527105050	060	187500
994	0527106050	060	165000
995	0527106140	060	195500
996	0527106150	060	192000
997	0527107010	060	173000
998	0527107090	020	177900
999	0527107210	060	175000
1000	0527127140	120	286000
1001	0527131110	120	247900
1002	0527140090	120	180000
1003	0527145090	120	180000
1004	0527161010	060	181000
1005	0527162180	060	183000
1006	0527163100	060	188000
1007	0527164120	060	194500
1008	0527165010	060	185000
1009	0527183030	120	189000
1010	0527183060	120	188500
1011	0527208010	060	355000
1012	0527212050	060	325000
1013	0527214030	020	387000
1014	0527226020	020	115000
1015	0527252080	120	334000
1016	0527276040	020	133000
1017	0527301170	060	215000
1018	0527301245	020	226500
1019	0527302050	020	175500
1020	0527302070	020	181900
1021	0527302185	020	235000
1022	0527302210	020	220000
1023	0527325070	060	272000
1024	0527325240	020	161000
1025	0527326130	020	175000
1026	0527354160	060	185000
1027	0527357110	060	146900
1028	0527357180	060	292500
1029	0527358120	020	180000
1030	0527359030	020	159900
1031	0527359070	060	205000
1032	0527378020	020	157000
1033	0527380240	060	306000
1034	0527401130	090	133000
1035	0527402060	020	151000
1036	0527402130	020	111900
1037	0527403360	020	123000
1038	0527425035	020	111250
1039	0527427110	120	181000
1040	0527450110	160	103400
1041	0527450250	160	100000
1042	0527450520	160	100500
1043	0527451060	160	106000
1044	0527451290	160	85400
1045	0527451400	160	89500
1046	0527451550	160	111750
1047	0527452150	120	140000
1048	0527453160	160	143000
1049	0527454120	120	148500
1050	0527455270	020	110000
1051	0528102030	020	394617
1052	0528102110	060	426000
1053	0528104050	020	385000
1054	0528104080	060	446261
1055	0528108150	020	317500
1056	0528110080	020	372402
1057	0528110110	020	417500
1058	0528114040	020	383000
1059	0528118030	060	390000
1060	0528118090	060	460000
1061	0528120130	060	379000
1062	0528142020	060	250000
1063	0528142140	060	316000
1064	0528164060	020	615000
1065	0528166120	060	412500
1066	0528170070	060	284000
1067	0528172080	020	284000
1068	0528178070	060	421250
1069	0528178090	060	370000
1070	0528180110	120	336860
1071	0528180140	120	367294
1072	0528181010	120	192000
1073	0528186030	120	274000
1074	0528186080	120	266000
1075	0528186130	120	370967
1076	0528186160	120	234250
1077	0528186170	120	219500
1078	0528188090	160	155000
1079	0528188150	160	154000
1080	0528190010	120	207000
1081	0528228345	120	195000
1082	0528228405	120	219990
1083	0528228445	120	191000
1084	0528228465	020	159895
1085	0528228540	020	187687
1086	0528235020	060	179000
1087	0528235120	060	193000
1088	0528235180	080	190000
1089	0528240040	060	176000
1090	0528240050	060	188000
1091	0528250030	060	213000
1092	0528253020	120	217300
1093	0528280130	060	186500
1094	0528280180	060	226750
1095	0528290010	060	184000
1096	0528290090	060	176000
1097	0528292060	060	225000
1098	0528294060	060	185900
1099	0528315060	075	284500
1100	0528315110	060	315000
1101	0528326030	060	250000
1102	0528326110	060	291000
1103	0528346050	020	350000
1104	0528354100	060	279500
1105	0528363020	060	290000
1106	0528363110	020	350000
1107	0528365060	060	341000
1108	0528365080	060	287500
1109	0528387050	060	271000
1110	0528390020	020	301500
1111	0528427010	020	235128
1112	0528427070	060	214000
1113	0528429050	020	232000
1114	0528429070	020	240000
1115	0528429080	020	264132
1116	0528431060	020	245000
1117	0528431080	020	227680
1118	0528431120	060	257000
1119	0528435020	060	297900
1120	0528439010	020	247000
1121	0528458030	020	212700
1122	0528458050	020	250580
1123	0528462040	020	182000
1124	0528477040	060	226700
1125	0528478030	060	250000
1126	0528478040	060	250000
1127	0528480060	060	339750
1128	0528480160	060	205950
1129	0528482020	020	256000
1130	0528488140	020	230348
1131	0528490080	060	207500
1132	0531363060	020	141000
1133	0531371070	060	188000
1134	0531373060	060	192500
1135	0531375050	020	146000
1136	0531375110	020	159000
1137	0531375120	020	155000
1138	0531376010	060	173000
1139	0531376070	020	170000
1140	0531382090	060	182000
1141	0531382110	060	163000
1142	0531382120	020	193500
1143	0531384030	060	189000
1144	0531385060	060	190500
1145	0531450030	060	175000
1146	0531450090	020	179200
1147	0531450170	060	187000
1148	0531451020	120	193000
1149	0531452140	120	153900
1150	0532351050	020	128000
1151	0532353050	020	144000
1152	0532354150	020	135000
1153	0532376170	190	115000
1154	0532377020	020	119916
1155	0532378200	020	142000
1156	0532477030	020	192000
1157	0532479020	050	140000
1158	0533125080	060	290000
1159	0533125140	060	372500
1160	0533206050	120	196000
1161	0533208080	160	171900
1162	0533208140	120	178000
1163	0533212050	160	165000
1164	0533212140	160	146000
1165	0533212150	160	146000
1166	0533213070	160	179400
1167	0533213120	160	172900
1168	0533215020	120	300000
1169	0533215030	120	285000
1170	0533215040	120	290000
1171	0533215070	120	305000
1172	0533215080	120	328900
1173	0533217050	160	160000
1174	0533217060	160	170000
1175	0533234020	060	223000
1176	0533236060	160	170000
1177	0533236070	160	200000
1178	0533236090	160	345000
1179	0533250050	120	245500
1180	0533250110	120	217500
1181	0533250160	120	324000
1182	0533251120	020	162500
1183	0533350090	060	150000
1184	0533350120	020	290000
1185	0534104100	060	205000
1186	0534126090	020	174000
1187	0534127210	080	183000
1188	0534127230	020	150000
1189	0534128050	020	145000
1190	0534129060	020	215000
1191	0534175140	090	140500
1192	0534177180	060	240000
1193	0534201240	060	141000
1194	0534202130	020	147000
1195	0534204030	020	135000
1196	0534225110	090	145000
1197	0534225120	090	142600
1198	0534250010	090	135000
1199	0534250335	060	170000
1200	0534250370	060	299800
1201	0534250410	060	185000
1202	0534251280	060	173000
1203	0534252090	085	178400
1204	0534252270	060	176000
1205	0534276190	020	98000
1206	0534277060	020	109008
1207	0534277070	020	135750
1208	0534400030	020	155000
1209	0534400060	020	180500
1210	0534401130	080	174900
1211	0534401190	020	140000
1212	0534403050	020	145000
1213	0534403080	080	179900
1214	0534403100	080	168500
1215	0534403260	020	140000
1216	0534426040	020	145500
1217	0534427040	020	142000
1218	0534428020	020	141000
1219	0534428100	020	153000
1220	0534451080	020	72500
1221	0534451170	030	52000
1222	0534452060	190	118000
1223	0534453140	070	87000
1224	0534455030	020	141500
1225	0534477080	050	119000
1226	0534477090	020	141500
1227	0534477270	080	165500
1228	0534479150	020	112900
1229	0535103050	060	201800
1230	0535104020	020	163000
1231	0535105030	020	139950
1232	0535105060	020	174000
1233	0535105090	080	165000
1234	0535126140	060	227000
1235	0535150210	020	135000
1236	0535150280	020	124000
1237	0535151160	020	140000
1238	0535152200	020	136500
1239	0535153140	020	185000
1240	0535153150	020	163000
1241	0535176100	020	166800
1242	0535178060	020	139000
1243	0535179060	020	166000
1244	0535180100	020	136000
1245	0535180120	020	133000
1246	0535301080	020	116000
1247	0535302130	020	137500
1248	0535302140	020	130000
1249	0535303030	020	180000
1250	0535305030	020	139000
1251	0535305160	020	110000
1252	0535327230	020	100000
1253	0535352080	050	118500
1254	0535354200	090	146000
1255	0535375140	020	89900
1256	0535375160	050	114000
1257	0535380050	050	140000
1258	0535380110	030	86900
1259	0535380140	050	139000
1260	0535383100	190	106250
1261	0535402120	060	171000
1262	0535403010	020	139000
1263	0535425060	020	186000
1264	0535426260	020	157000
1265	0535426350	020	148000
1266	0535427070	020	242000
1267	0535451010	020	116000
1268	0535451050	020	94000
1269	0535451230	020	98300
1270	0535452120	080	127000
1271	0535453020	020	159000
1272	0535453040	020	125900
1273	0535453210	020	155000
1274	0535454150	050	138000
1275	0535455060	045	112500
1276	0535455080	045	105500
1277	0535455090	050	127500
1278	0535456050	090	130000
1279	0535456070	050	150000
1280	0535456100	020	109500
1281	0535475020	060	140000
1282	0535476370	060	167900
1283	0535477090	020	136870
1284	0902100020	020	143000
1285	0902100030	030	73000
1286	0902102060	070	157500
1287	0902103150	050	122600
1288	0902105010	070	111000
1289	0902105020	050	256000
1290	0902105130	030	64000
1291	0902107030	075	139500
1292	0902109080	190	118000
1293	0902109110	050	200000
1294	0902109120	050	119164
1295	0902109160	050	122250
1296	0902128075	030	120000
1297	0902128150	190	155000
1298	0902134100	030	78000
1299	0902136110	050	95000
1300	0902201120	020	115000
1301	0902201140	020	147000
1302	0902202090	050	140000
1303	0902205070	020	46500
1304	0902205090	020	112500
1305	0902205140	020	107900
1306	0902207120	020	65000
1307	0902207220	075	295000
1308	0902300110	190	139500
1309	0902300215	050	153900
1310	0902300260	075	132000
1311	0902301140	070	98000
1312	0902301150	050	114000
1313	0902304060	190	130000
1314	0902305080	075	129500
1315	0902306120	070	129400
1316	0902306130	070	161000
1317	0902326060	190	163000
1318	0902328040	075	128000
1319	0902330010	070	122000
1320	0902401010	050	116900
1321	0902401120	075	325000
1322	0902402260	070	55000
1323	0902405070	070	184000
1324	0902406020	020	110000
1325	0902406090	050	131500
1326	0902427045	020	97000
1327	0902427150	020	115500
1328	0903201030	030	138000
1329	0903204010	050	108000
1330	0903204095	040	79500
1331	0903206070	050	153000
1332	0903225050	045	109500
1333	0903225140	050	124000
1334	0903225160	070	106900
1335	0903226060	050	164900
1336	0903226150	030	119000
1337	0903227080	050	120000
1338	0903228040	050	157000
1339	0903228060	050	105000
1340	0903228090	045	113000
1341	0903230110	050	115000
1342	0903230120	020	79000
1343	0903231080	050	123000
1344	0903232030	030	81300
1345	0903232090	050	162900
1346	0903233080	050	150000
1347	0903234090	070	123500
1348	0903234100	050	129900
1349	0903235010	070	128000
1350	0903235100	030	68500
1351	0903236010	050	127000
1352	0903400180	050	207000
1353	0903401020	050	184000
1354	0903401030	050	162500
1355	0903401050	050	145000
1356	0903425420	030	130000
1357	0903426160	060	160000
1358	0903427090	070	161000
1359	0903429010	050	127500
1360	0903452025	030	93850
1361	0903453050	070	136000
1362	0903454100	050	141000
1363	0903455030	050	120000
1364	0903455140	030	127500
1365	0903456130	050	127000
1366	0903458110	050	89500
1367	0903475020	020	125000
1368	0903476110	050	79900
1369	0903481010	030	85000
1370	0903481100	190	82375
1371	0903484020	050	135000
1372	0904100020	020	124000
1373	0904100040	020	134000
1374	0904100160	050	135000
1375	0904101170	050	134432
1376	0904351280	190	127500
1377	0905100020	085	148000
1378	0905102170	020	129500
1379	0905103030	080	157500
1380	0905104080	020	109900
1381	0905104110	020	145000
1382	0905104180	020	130000
1383	0905107280	085	153000
1384	0905107380	020	120000
1385	0905108170	085	152000
1386	0905200090	090	108959
1387	0905200100	190	95541
1388	0905200160	020	80000
1389	0905200510	020	149350
1390	0905201020	020	144900
1391	0905201110	020	185000
1392	0905201120	020	165000
1393	0905202230	020	235000
1394	0905225040	080	140000
1395	0905226030	030	108000
1396	0905226110	190	145000
1397	0905227050	050	152400
1398	0905300020	080	144000
1399	0905351089	120	173000
1400	0905352030	060	192000
1401	0905352070	020	245000
1402	0905401045	020	241500
1403	0905401060	020	256000
1404	0905402090	080	177000
1405	0905403060	050	125600
1406	0905403150	020	155000
1407	0905425125	050	240000
1408	0905426030	030	260000
1409	0905427050	050	185000
1410	0905427070	070	235000
1411	0905451330	020	159900
1412	0905452070	090	99600
1413	0905452120	060	134500
1414	0905476120	050	119000
1415	0905477050	190	107500
1416	0905479110	190	125000
1417	0905480150	050	79000
1418	0905480240	050	95000
1419	0906204150	060	262280
1420	0906204280	060	260000
1421	0906223110	020	226500
1422	0906223140	060	225000
1423	0906223220	080	229000
1424	0906378190	060	177439
1425	0906380030	020	248500
1426	0906412010	020	475000
1427	0906412050	020	395039
1428	0906420130	060	228000
1429	0906424010	080	225000
1430	0906475100	020	195000
1431	0906476030	060	200000
1432	0907126030	020	155000
1433	0907135020	020	144000
1434	0907135260	020	145000
1435	0907175080	020	226001
1436	0907176010	060	215700
1437	0907181120	060	207500
1438	0907181140	060	193000
1439	0907187030	060	188000
1440	0907187080	020	191000
1441	0907192130	020	221000
1442	0907194020	060	231500
1443	0907196040	060	235000
1444	0907196050	060	223500
1445	0907200110	020	130250
1446	0907201060	080	149900
1447	0907202010	020	158000
1448	0907202160	080	147000
1449	0907202190	020	143195
1450	0907202240	020	163000
1451	0907203090	020	110000
1452	0907227050	020	127000
1453	0907227300	020	124900
1454	0907250020	020	230000
1455	0907251090	060	237000
1456	0907253060	060	235000
1457	0907253110	060	230500
1458	0907254020	060	230000
1459	0907254090	060	222500
1460	0907255020	060	287000
1461	0907255030	060	274000
1462	0907255060	020	300000
1463	0907260010	060	255900
1464	0907262030	060	224900
1465	0907262060	060	240000
1466	0907262070	060	183000
1467	0907265100	060	207000
1468	0907285080	060	210000
1469	0907290150	120	136500
1470	0907290250	120	145000
1471	0907295020	020	208900
1472	0907295100	090	185000
1473	0907405020	020	214000
1474	0907405140	060	208500
1475	0907412040	020	186500
1476	0907412070	020	210000
1477	0907412080	060	185900
1478	0907412090	020	179900
1479	0907418010	020	218836
1480	0907418040	020	193000
1481	0907420080	060	189000
1482	0907425010	120	149300
1483	0907425015	120	141000
1484	0907425030	120	149000
1485	0907425035	120	144500
1486	0908102030	030	85000
1487	0908102040	090	145900
1488	0908102140	020	123000
1489	0908102260	020	147500
1490	0908103260	085	165000
1491	0908103280	020	135000
1492	0908127120	030	108000
1493	0908128050	085	137500
1494	0908128110	060	165400
1495	0908151040	080	147000
1496	0908152110	060	160500
1497	0908152270	020	176000
1498	0908154080	020	284700
1499	0908154235	060	160000
1500	0908186040	180	148000
1501	0908201100	090	82000
1502	0908201110	090	82000
1503	0908201120	090	118000
1504	0908204160	090	82500
1505	0908225170	190	91900
1506	0908226120	050	120000
1507	0908250040	050	96000
1508	0908250090	020	99000
1509	0908275130	050	130500
1510	0908275180	050	135000
1511	0908275280	050	135500
1512	0908276140	080	100000
1513	0909100150	030	108000
1514	0909100170	030	98000
1515	0909101060	030	67000
1516	0909101180	190	135900
1517	0909131170	070	140000
1518	0909175050	075	179500
1519	0909175100	050	136500
1520	0909177120	030	168000
1521	0909201110	070	130000
1522	0909250040	070	189000
1523	0909250230	090	161900
1524	0909251080	070	145000
1525	0909251090	070	191000
1526	0909252110	070	177000
1527	0909252220	050	147500
1528	0909253190	030	91000
1529	0909254050	070	231000
1530	0909256060	050	115000
1531	0909275040	070	138000
1532	0909275050	070	149000
1533	0909276170	070	188700
1534	0909277040	050	198000
1535	0909277070	050	110000
1536	0909281030	020	104000
1537	0909281110	070	257076
1538	0909282030	050	381000
1539	0909425010	050	311500
1540	0909425085	050	263400
1541	0909428170	020	236500
1542	0909428190	020	224000
1543	0909451020	160	116500
1544	0909451150	160	151000
1545	0910200080	030	126000
1546	0910201130	050	120000
1547	0910202050	030	55000
1548	0910202100	030	120500
1549	0910203020	030	120500
1550	0910203090	050	119000
1551	0910205010	080	126000
1552	0910206110	030	99500
1553	0910226040	050	165500
1554	0910251050	020	13100
1555	0911102090	070	89000
1556	0911102170	070	40000
1557	0911102180	050	80900
1558	0911226010	030	81000
1559	0911226030	070	65000
1560	0911370410	120	392500
1561	0911370490	120	294464
1562	0911370520	120	250000
1563	0911370540	120	275000
1564	0914453045	020	300000
1565	0914465060	020	271000
1566	0914467050	060	213000
1567	0914475020	080	171000
1568	0914476010	020	171500
1569	0914476080	090	100000
1570	0914476450	020	228500
1571	0916125425	190	228950
1572	0916226030	120	241500
1573	0916325080	020	287000
1574	0916380060	020	294000
1575	0916382120	020	293077
1576	0916384100	060	264966
1577	0916386040	080	172500
1578	0916386080	080	167500
1579	0916386180	060	218689
1580	0916402015	020	150000
1581	0916402115	020	184000
1582	0916402215	020	180000
1583	0916403230	080	175000
1584	0916455120	020	232500
1585	0916460060	020	195000
1586	0916477020	060	305000
1587	0921126030	020	298751
1588	0921201060	020	370000
1589	0923202005	090	209200
1590	0923202015	090	206300
1591	0923202137	020	146000
1592	0923203140	120	160500
1593	0923204040	085	173000
1594	0923225080	120	124000
1595	0923225150	160	115000
1596	0923225200	160	129500
1597	0923225310	180	105000
1598	0923225370	180	94900
1599	0923227030	020	152500
1600	0923228080	160	98000
1601	0923228420	180	81000
1602	0923250210	020	113000
1603	0923252100	020	128500
1604	0923275090	020	119500
1605	0923277030	020	130500
1606	0923277040	020	138000
1607	0923277080	020	134500
1608	0923400040	050	160000
1609	0923426010	020	137500
1610	0924100020	060	172000
1611	1007100110	070	103000
1612	0526352080	020	167300
1613	0526352090	020	167000
1614	0526355170	020	244000
1615	0526355190	020	268000
1616	0527105140	060	225000
1617	0527107040	060	168000
1618	0527110080	060	177000
1619	0527110120	060	169000
1620	0527110130	080	161500
1621	0527126030	120	251000
1622	0527158090	080	160000
1623	0527161090	060	180000
1624	0527162080	060	178750
1625	0527162090	020	176000
1626	0527162140	060	204000
1627	0527163080	020	160000
1628	0527165020	080	160000
1629	0527165100	080	163900
1630	0527165170	060	168000
1631	0527175130	020	154204
1632	0527182040	120	170000
1633	0527182170	160	207500
1634	0527184020	120	182000
1635	0527184110	120	212000
1636	0527210060	020	377426
1637	0527212060	060	349265
1638	0527216080	020	591587
1639	0527226040	190	155000
1640	0527252050	120	319900
1641	0527252070	020	392000
1642	0527256030	020	441929
1643	0527256040	020	455000
1644	0527301080	020	182900
1645	0527301280	020	174000
1646	0527302020	080	178000
1647	0527302060	060	176000
1648	0527302090	020	213000
1649	0527325090	060	192000
1650	0527325110	060	190000
1651	0527327050	060	195000
1652	0527328020	080	148000
1653	0527328050	020	151500
1654	0527353080	060	197000
1655	0527354050	020	192350
1656	0527356050	060	152000
1657	0527357020	020	170000
1658	0527358060	020	175000
1659	0527359010	060	175000
1660	0527359080	060	197900
1661	0527359160	080	174000
1662	0527377110	060	178900
1663	0527402090	080	139000
1664	0527402150	020	143250
1665	0527402240	060	184000
1666	0527403310	020	155000
1667	0527404050	020	133000
1668	0527404100	020	119500
1669	0527404140	020	123000
1670	0527404150	020	110000
1671	0527425025	020	128000
1672	0527425140	020	120500
1673	0527427090	120	133000
1674	0527427160	120	155000
1675	0527427200	120	177000
1676	0527450030	160	113500
1677	0527450150	160	113000
1678	0527450220	160	113700
1679	0527451020	160	106000
1680	0527451170	160	122500
1681	0527452100	120	128000
1682	0527453010	160	155000
1683	0527455030	120	142500
1684	0527455250	020	129250
1685	0528102050	020	356000
1686	0528102090	020	314813
1687	0528102100	020	318000
1688	0528102120	020	322400
1689	0528102130	020	318000
1690	0528104010	020	345474
1691	0528106040	020	415298
1692	0528106050	060	492000
1693	0528106060	060	338931
1694	0528106110	020	450000
1695	0528108160	060	280000
1696	0528110040	020	479069
1697	0528110070	020	395000
1698	0528110100	060	380000
1699	0528112150	020	250000
1700	0528114050	020	440000
1701	0528118040	060	418000
1702	0528118050	020	500067
1703	0528120010	060	260116
1704	0528120150	060	317000
1705	0528142050	060	319500
1706	0528144050	060	325624
1707	0528150040	020	372000
1708	0528150110	060	342000
1709	0528150120	060	354000
1710	0528166150	060	350000
1711	0528168040	060	285000
1712	0528172030	060	281500
1713	0528172050	020	245700
1714	0528172070	020	232698
1715	0528172075	060	250000
1716	0528174010	120	194700
1717	0528174020	120	204000
1718	0528174030	120	200000
1719	0528174040	120	207000
1720	0528181060	120	209500
1721	0528181070	120	209500
1722	0528181080	120	202500
1723	0528186050	120	280000
1724	0528186090	120	277500
1725	0528186120	120	318061
1726	0528186190	120	221370
1727	0528188160	120	200000
1728	0528218010	060	181755
1729	0528218020	060	176000
1730	0528218050	060	178900
1731	0528218100	060	168165
1732	0528221030	060	171925
1733	0528221040	060	198444
1734	0528221050	020	203000
1735	0528221090	060	179540
1736	0528222030	020	176485
1737	0528222040	020	181134
1738	0528222050	060	156932
1739	0528222060	060	166000
1740	0528222080	060	177594
1741	0528222090	020	173500
1742	0528228270	120	172500
1743	0528228275	120	194201
1744	0528228375	120	226500
1745	0528228555	020	185485
1746	0528231010	020	259000
1747	0528231030	080	188500
1748	0528235000	080	175000
1749	0528235160	060	215000
1750	0528235170	020	206580
1751	0528240020	060	183500
1752	0528250010	080	165500
1753	0528250070	060	211000
1754	0528275035	060	181000
1755	0528275110	060	219500
1756	0528280110	060	175000
1757	0528280150	080	170000
1758	0528290060	060	162000
1759	0528290170	060	187000
1760	0528294010	060	185000
1761	0528320050	060	745000
1762	0528322020	060	384500
1763	0528326060	060	248000
1764	0528327060	020	466500
1765	0528340030	060	410000
1766	0528344020	060	322500
1767	0528348030	060	252000
1768	0528351010	060	755000
1769	0528354060	060	269790
1770	0528354110	060	315750
1771	0528358040	060	290000
1772	0528364110	060	290000
1773	0528366050	020	430000
1774	0528366070	060	263000
1775	0528376010	060	330000
1776	0528427040	020	213133
1777	0528427100	020	260261
1778	0528429090	020	320000
1779	0528429110	020	282922
1780	0528431030	020	215000
1781	0528431040	020	419005
1782	0528431050	020	255000
1783	0528431110	020	147000
1784	0528435010	020	235876
1785	0528435040	020	311872
1786	0528435060	020	248328
1787	0528435070	020	227000
1788	0528439040	020	260000
1789	0528439050	020	225000
1790	0528439080	020	249000
1791	0528441080	020	307000
1792	0528445020	060	250000
1793	0528445070	060	221300
1794	0528456190	020	208900
1795	0528456230	020	210400
1796	0528458080	060	255000
1797	0528458090	060	212109
1798	0528458120	060	270000
1799	0528458130	060	303477
1800	0528458150	060	310013
1801	0528477020	020	249700
1802	0528480020	060	227875
1803	0528480180	020	261329
1804	0528482010	020	253000
1805	0528482030	060	265000
1806	0528482090	060	340000
1807	0531363020	020	146000
1808	0531363040	020	147000
1809	0531375140	020	149000
1810	0531376060	020	181000
1811	0531380110	060	201000
1812	0531384070	060	191750
1813	0531385070	020	179000
1814	0531385130	020	215000
1815	0531451030	120	179200
1816	0531451150	160	128000
1817	0531453140	085	144000
1818	0531477040	090	144000
1819	0532353120	020	120750
1820	0532354010	020	132500
1821	0532354060	020	132000
1822	0532354070	020	132500
1823	0532376040	020	129000
1824	0532376090	020	143900
1825	0532377050	020	145000
1826	0532377140	020	128500
1827	0532378240	020	125500
1828	0532476080	060	300000
1829	0532477040	060	294000
1830	0532479050	020	129000
1831	0532479120	085	171000
1832	0532479140	020	147000
1833	0533120030	060	302000
1834	0533130170	050	285000
1835	0533205110	120	214000
1836	0533206060	120	166000
1837	0533206070	120	193800
1838	0533208010	120	208900
1839	0533208020	120	194000
1840	0533208030	120	207500
1841	0533208040	120	199900
1842	0533208070	160	164700
1843	0533213130	160	176500
1844	0533213140	160	176000
1845	0533221030	160	168500
1846	0533221060	160	177000
1847	0533221100	160	177000
1848	0533223050	160	148800
1849	0533236040	160	174000
1850	0533241030	060	239000
1851	0533242080	020	204000
1852	0533242090	060	301000
1853	0533244040	060	312500
1854	0533250190	120	279700
1855	0533251110	020	255000
1856	0533251130	080	194000
1857	0533252130	020	218000
1858	0533253180	120	213750
1859	0533254100	080	187000
1860	0533254130	020	181500
1861	0533350020	020	373000
1862	0533352075	090	190000
1863	0534104090	060	226000
1864	0534125120	020	143450
1865	0534127080	060	240050
1866	0534127140	085	162500
1867	0534127260	020	164000
1868	0534128090	020	185000
1869	0534151090	020	188500
1870	0534151180	060	255000
1871	0534175010	090	136905
1872	0534176140	020	158500
1873	0534177210	020	175500
1874	0534178010	020	127000
1875	0534201040	020	127000
1876	0534202030	020	143000
1877	0534204120	020	156000
1878	0534252040	020	144000
1879	0534252060	090	119000
1880	0534252070	090	103000
1881	0534252110	020	139900
1882	0534275170	020	151500
1883	0534275220	020	126500
1884	0534276070	080	145000
1885	0534276160	020	120000
1886	0534276180	020	124000
1887	0534276290	020	106500
1888	0534278150	020	140500
1889	0534278170	020	137500
1890	0534278190	020	117600
1891	0534401120	020	163500
1892	0534401200	080	161000
1893	0534403040	080	158000
1894	0534403290	060	224500
1895	0534403420	020	147000
1896	0534425015	020	200000
1897	0534425080	020	181900
1898	0534427140	020	150750
1899	0534429030	090	101800
1900	0534430090	020	124000
1901	0534431020	045	138500
1902	0534450090	020	39300
1903	0534450110	020	64500
1904	0534451020	050	64000
1905	0534453080	020	112000
1906	0534475170	060	165000
1907	0534476080	020	144000
1908	0534478140	090	137000
1909	0534479120	050	105000
1910	0534479140	070	146500
1911	0535101150	090	126000
1912	0535102010	085	175000
1913	0535105110	080	158500
1914	0535106140	020	114500
1915	0535106180	050	144000
1916	0535126180	060	129000
1917	0535151020	020	141000
1918	0535151100	020	131000
1919	0535151110	020	142100
1920	0535152060	020	139000
1921	0535154080	020	157900
1922	0535155110	020	139400
1923	0535176070	020	150000
1924	0535177020	020	120000
1925	0535177110	020	174850
1926	0535179120	020	116000
1927	0535180030	020	135000
1928	0535181030	020	163500
1929	0535181140	020	130000
1930	0535300040	020	129500
1931	0535301060	020	142000
1932	0535301160	090	128600
1933	0535302070	020	125000
1934	0535304170	020	136000
1935	0535305180	020	134500
1936	0535325090	020	127000
1937	0535325280	080	130000
1938	0535325320	050	115000
1939	0535327160	020	116900
1940	0535327200	020	132000
1941	0535353050	020	153000
1942	0535353130	020	112500
1943	0535353160	050	138000
1944	0535354050	045	135000
1945	0535354260	050	156000
1946	0535355020	070	301600
1947	0535375130	050	109000
1948	0535376010	045	103200
1949	0535378080	050	128500
1950	0535379060	030	64500
1951	0535379110	070	148000
1952	0535382150	030	86000
1953	0535402140	080	172000
1954	0535402180	020	120000
1955	0535403030	020	128500
1956	0535426130	060	135000
1957	0535450190	050	122900
1958	0535450220	020	119200
1959	0535450310	050	143000
1960	0535451040	020	119000
1961	0535451100	020	102000
1962	0535451110	020	129000
1963	0535452060	020	135000
1964	0535453080	020	152000
1965	0535453150	020	140000
1966	0535453180	020	152000
1967	0535457020	020	156500
1968	0535457040	090	141000
1969	0535457050	020	99000
1970	0535476360	060	187000
1971	0535477130	060	169500
1972	0535477180	020	125500
1973	0535478040	085	130000
1974	0902100010	030	103000
1975	0902105110	070	132000
1976	0902106070	050	127500
1977	0902106120	030	89500
1978	0902107050	090	140000
1979	0902110010	030	99900
1980	0902125120	030	100000
1981	0902128160	030	130000
1982	0902201090	050	135000
1983	0902201130	050	120000
1984	0902202070	030	89471
1985	0902205020	050	85000
1986	0902205130	030	108500
1987	0902206270	070	137000
1988	0902207010	030	110500
1989	0902207150	030	100000
1990	0902300020	070	184900
1991	0902300040	070	145000
1992	0902301030	050	125000
1993	0902301130	070	114000
1994	0902302150	190	90000
1995	0902303100	050	144100
1996	0902304040	070	117500
1997	0902305010	070	124500
1998	0902330090	075	185000
1999	0902332030	190	133900
2000	0902401030	040	152000
2001	0902404010	030	153500
2002	0902408080	070	159500
2003	0902427040	050	87000
2004	0902427140	020	104500
2005	0902427180	080	110000
2006	0903201090	040	136500
2007	0903204030	050	128250
2008	0903205085	030	144000
2009	0903206170	050	210000
2010	0903225040	050	135000
2011	0903227140	070	128000
2012	0903228080	050	131000
2013	0903231050	045	113000
2014	0903231090	050	126000
2015	0903231180	050	132000
2016	0903232100	050	131750
2017	0903233030	050	132500
2018	0903233050	070	137500
2019	0903233140	045	132000
2020	0903233180	050	127500
2021	0903234160	030	102000
2022	0903236130	070	200000
2023	0903400040	070	180500
2024	0903401070	050	165000
2025	0903425270	050	90000
2026	0903425280	070	153575
2027	0903426010	070	140000
2028	0903427040	050	136000
2029	0903430040	045	113000
2030	0903430050	050	117000
2031	0903450060	050	169500
2032	0903451110	045	139400
2033	0903453080	080	202500
2034	0903454010	070	127000
2035	0903454090	050	141000
2036	0903456110	060	212300
2037	0903457040	050	161000
2038	0903457130	190	99500
2039	0903458020	075	101000
2040	0903458060	030	109900
2041	0903475040	050	128500
2042	0903475060	190	122000
2043	0903476100	045	87000
2044	0903484080	050	50000
2045	0904100100	070	219000
2046	0904101070	050	200500
2047	0904301110	050	126000
2048	0904302010	190	108500
2049	0905100060	190	130000
2050	0905100080	085	158450
2051	0905101070	020	115400
2052	0905101200	020	118500
2053	0905102010	080	165000
2054	0905103110	020	123000
2055	0905104030	085	129000
2056	0905104090	020	125000
2057	0905104170	020	108000
2058	0905104240	190	119900
2059	0905105040	020	115000
2060	0905105170	020	134500
2061	0905105260	020	127000
2062	0905106150	020	129000
2063	0905107140	020	143500
2064	0905200010	020	129000
2065	0905201080	020	187000
2066	0905225020	060	158000
2067	0905226050	030	112000
2068	0905226080	050	165250
2069	0905226130	020	150000
2070	0905226170	020	137000
2071	0905228020	020	89500
2072	0905301050	020	302000
2073	0905352010	020	182000
2074	0905352180	060	211000
2075	0905376090	020	216000
2076	0905377020	020	130000
2077	0905377050	020	109900
2078	0905401020	020	255000
2079	0905426010	020	243000
2080	0905451390	050	154000
2081	0905475270	020	118000
2082	0905475520	030	80000
2083	0905476160	090	150000
2084	0905476170	030	86000
2085	0905476225	120	130000
2086	0905478140	020	125000
2087	0905478220	050	136500
2088	0905480090	050	96000
2089	0905480180	020	120000
2090	0906200230	050	228500
2091	0906201022	020	179900
2092	0906201023	060	225000
2093	0906201200	060	301000
2094	0906203140	060	238000
2095	0906204140	060	228500
2096	0906223040	060	220000
2097	0906340080	060	383970
2098	0906340090	060	424870
2099	0906378120	020	250000
2100	0906378150	020	360000
2101	0906378170	020	279500
2102	0906380010	020	200141
2103	0906380040	020	246500
2104	0906380070	060	276000
2105	0906380120	020	203000
2106	0906380140	060	155835
2107	0906380160	020	194000
2108	0906380200	020	195400
2109	0906382020	020	217000
2110	0906382060	020	212999
2111	0906392080	020	175900
2112	0906394020	060	191000
2113	0906394050	020	176432
2114	0906402070	060	277000
2115	0906403060	060	207000
2116	0906426060	050	277000
2117	0906426195	060	240000
2118	0906475110	060	187500
2119	0906475170	020	279000
2120	0907125040	020	139500
2121	0907125120	020	126000
2122	0907130060	020	177500
2123	0907131060	060	175000
2124	0907131120	060	211000
2125	0907135050	020	146000
2126	0907135080	020	147900
2127	0907135180	020	123600
2128	0907180040	060	204750
2129	0907187040	060	235500
2130	0907187060	060	217000
2131	0907192020	060	190550
2132	0907192040	060	217500
2133	0907192120	020	226000
2134	0907192150	060	180000
2135	0907200130	020	131000
2136	0907200190	080	153500
2137	0907200250	080	160000
2138	0907200270	020	134900
2139	0907202100	020	130000
2140	0907202220	020	120000
2141	0907203060	020	112500
2142	0907203110	020	122000
2143	0907227060	020	127000
2144	0907227100	020	117000
2145	0907250050	020	305900
2146	0907252020	060	228500
2147	0907252190	020	270000
2148	0907260040	020	192000
2149	0907260050	060	213000
2150	0907262020	060	200000
2151	0907270040	060	267000
2152	0907275080	020	228000
2153	0907275150	060	275000
2154	0907280090	060	211000
2155	0907280100	020	285000
2156	0907285040	060	240000
2157	0907290140	120	131500
2158	0907295040	020	246900
2159	0907401060	060	219500
2160	0907405130	020	185000
2161	0907410020	060	179400
2162	0907410050	060	213500
2163	0907414060	020	179600
2164	0907414070	020	173500
2165	0907420050	020	167840
2166	0907420060	060	168675
2167	0907420110	060	167000
2168	0908102100	020	140000
2169	0908102160	085	118500
2170	0908103090	020	110000
2171	0908127040	020	94750
2172	0908127060	050	122000
2173	0908127070	020	110000
2174	0908127100	090	118500
2175	0908152060	080	133500
2176	0908152070	020	148000
2177	0908152180	090	141000
2178	0908152260	020	155000
2179	0908152280	020	157000
2180	0908152290	060	171500
2181	0908154195	020	183850
2182	0908154205	060	184750
2183	0908186050	180	140000
2184	0908204090	020	131750
2185	0908204180	090	61500
2186	0908225240	020	111000
2187	0908225310	090	98500
2188	0908226180	030	79000
2189	0908228010	040	108500
2190	0908250100	020	110000
2191	0908275090	050	112000
2192	0908275200	020	125000
2193	0908275240	020	79275
2194	0908276230	020	119000
2195	0909176080	190	200000
2196	0909176170	090	150000
2197	0909250150	070	165000
2198	0909250160	045	96500
2199	0909251030	030	136500
2200	0909251040	050	146500
2201	0909252010	050	175000
2202	0909252150	070	148500
2203	0909252170	070	141500
2204	0909254090	050	189950
2205	0909254100	070	135000
2206	0909254130	075	164000
2207	0909254140	030	90350
2208	0909254150	050	139000
2209	0909256120	030	119750
2210	0909275020	090	145000
2211	0909275030	090	145000
2212	0909275110	070	238000
2213	0909275160	020	153500
2214	0909275310	070	239000
2215	0909276160	070	359100
2216	0909276210	050	188000
2217	0909279080	050	220000
2218	0909281020	190	140000
2219	0909281130	070	315000
2220	0909282020	070	259500
2221	0909425140	020	257500
2222	0909425270	070	219500
2223	0909428120	020	217000
2224	0909428180	020	201000
2225	0909428340	020	215000
2226	0909451130	160	123900
2227	0909452102	020	170000
2228	0909455060	120	200000
2229	0909475050	020	198000
2230	0909475070	020	200624
2231	0909475230	020	315000
2232	0910200040	050	115000
2233	0910200110	050	141000
2234	0910201020	045	87000
2235	0910201050	050	129850
2236	0910201110	050	100000
2237	0910201180	070	150909
2238	0910202030	030	75200
2239	0910203290	030	118400
2240	0910204090	030	67000
2241	0910205130	050	152000
2242	0910206010	050	68104
2243	0911103060	190	119600
2244	0911128010	020	140000
2245	0911128020	030	124900
2246	0911370450	120	375000
2247	0911370460	120	235000
2248	0914452090	085	183500
2249	0914452120	085	156000
2250	0914452190	020	134000
2251	0914460020	020	215000
2252	0914460110	020	245000
2253	0914476330	020	210000
2254	0914478020	080	148000
2255	0914478100	085	143000
2256	0916226090	120	244000
2257	0916253320	120	330000
2258	0916326040	020	170000
2259	0916326090	020	257000
2260	0916384050	020	231713
2261	0916384070	020	267300
2262	0916384080	020	265900
2263	0916384150	020	239000
2264	0916386170	020	248900
2265	0916403040	020	174000
2266	0916403290	050	187500
2267	0916455010	060	204000
2268	0916455050	020	180500
2269	0916455110	080	187500
2270	0916455150	020	282000
2271	0916460020	020	178000
2272	0916475020	020	270000
2273	0916477060	060	279900
2274	0917425190	020	186700
2275	0921126010	020	283463
2276	0921128030	020	392000
2277	0921205070	060	281213
2278	0923202134	020	147000
2279	0923202220	020	130000
2280	0923203010	120	140000
2281	0923204050	020	132250
2282	0923204140	090	143000
2283	0923205025	190	168000
2284	0923225040	120	129900
2285	0923225050	120	134000
2286	0923226300	160	85500
2287	0923228200	180	106500
2288	0923228220	160	93900
2289	0923228250	160	75000
2290	0923228290	180	84500
2291	0923228390	160	75190
2292	0923229010	080	146800
2293	0923229040	085	153500
2294	0923229100	080	188000
2295	0923229140	020	196000
2296	0923230010	060	157000
2297	0923230120	085	138000
2298	0923230180	085	129500
2299	0923251160	020	80000
2300	0923252080	020	129500
2301	0923275010	020	135000
2302	0923275200	020	124500
2303	0923276180	020	139000
2304	0923400150	020	93500
2305	0923425030	020	124500
2306	0526302030	020	149900
2307	0526302040	020	157500
2308	0526302120	020	169000
2309	0526303060	020	252000
2310	0526354020	020	192100
2311	0527105060	060	183500
2312	0527106010	060	222000
2313	0527107020	060	170000
2314	0527107030	060	187500
2315	0527107120	060	202000
2316	0527107240	060	185000
2317	0527108010	060	320000
2318	0527108020	020	240000
2319	0527108030	060	250000
2320	0527108040	060	239900
2321	0527108060	060	309000
2322	0527108090	060	274725
2323	0527146135	160	270000
2324	0527158020	020	183500
2325	0527163020	060	165600
2326	0527166030	060	176500
2327	0527182020	120	130000
2328	0527190050	160	239000
2329	0527190220	120	275000
2330	0527210030	060	457347
2331	0527210040	060	545224
2332	0527210050	060	356383
2333	0527212030	060	556581
2334	0527212040	060	361919
2335	0527214060	060	535000
2336	0527216010	060	401179
2337	0527216050	060	438780
2338	0527226010	060	169000
2339	0527250040	190	145000
2340	0527252090	120	318000
2341	0527254070	020	319000
2342	0527256120	020	470000
2343	0527301010	020	202500
2344	0527302080	050	229000
2345	0527325160	060	235000
2346	0527327080	060	190000
2347	0527328010	085	169000
2348	0527354040	020	241500
2349	0527355060	060	188900
2350	0527355280	020	207500
2351	0527356020	060	250000
2352	0527356060	060	179900
2353	0527358090	085	172000
2354	0527365010	060	294323
2355	0527375160	080	184500
2356	0527376090	020	153500
2357	0527376110	060	162900
2358	0527377030	020	181000
2359	0527378010	020	155000
2360	0527402210	020	138800
2361	0527402380	020	116050
2362	0527403120	020	88000
2363	0527404180	020	97500
2364	0527427210	120	190000
2365	0527450010	160	105500
2366	0527450080	160	125500
2367	0527450210	160	83000
2368	0527450460	160	116000
2369	0527451200	160	91500
2370	0527451380	160	118000
2371	0527451450	160	89000
2372	0527451460	160	108000
2373	0527451520	160	94500
2374	0527452070	120	146300
2375	0527452290	020	145000
2376	0527452310	085	123000
2377	0527453070	120	137500
2378	0527455100	160	144000
2379	0528102010	020	315000
2380	0528102080	060	412083
2381	0528106010	060	342643
2382	0528106120	020	252000
2383	0528110050	020	465000
2384	0528112010	020	293000
2385	0528114010	020	415000
2386	0528116030	020	326000
2387	0528118010	060	325300
2388	0528118020	060	309000
2389	0528118110	060	300000
2390	0528120110	060	275500
2391	0528120140	060	338500
2392	0528138030	060	345000
2393	0528142010	060	344133
2394	0528142060	060	298236
2395	0528142070	060	329900
2396	0528142110	020	360000
2397	0528144030	060	281000
2398	0528150080	020	372397
2399	0528150090	020	378000
2400	0528164040	020	374000
2401	0528170040	060	437154
2402	0528172020	060	275000
2403	0528172150	060	279000
2404	0528174080	120	185850
2405	0528180080	120	282500
2406	0528181030	120	202500
2407	0528181040	120	202665
2408	0528186100	020	332200
2409	0528186110	120	310090
2410	0528188040	120	171750
2411	0528218030	020	169990
2412	0528218060	060	170440
2413	0528218080	060	169985
2414	0528218130	060	179665
2415	0528218140	060	219210
2416	0528221010	020	174190
2417	0528221100	060	172785
2418	0528222010	060	258000
2419	0528222020	060	185101
2420	0528228280	120	210250
2421	0528228325	120	234000
2422	0528228340	120	215000
2423	0528228360	120	246990
2424	0528228415	120	178740
2425	0528228430	120	225000
2426	0528228545	120	167240
2427	0528228550	120	156820
2428	0528228565	120	213490
2429	0528228575	120	264561
2430	0528228580	120	246578
2431	0528231050	060	192140
2432	0528235050	060	183200
2433	0528235130	060	178000
2434	0528235190	060	201490
2435	0528240080	060	230500
2436	0528250060	060	180000
2437	0528275060	060	172400
2438	0528275080	060	215000
2439	0528280100	060	199900
2440	0528290140	060	173000
2441	0528292080	060	287602
2442	0528294070	060	230000
2443	0528315030	060	348000
2444	0528315070	060	286000
2445	0528315080	060	300000
2446	0528320060	060	625000
2447	0528327010	060	405000
2448	0528344060	060	280000
2449	0528348010	060	258000
2450	0528358030	060	350000
2451	0528360050	060	584500
2452	0528363070	060	321000
2453	0528365090	060	290000
2454	0528366040	060	315000
2455	0528429060	060	252000
2456	0528429100	020	336820
2457	0528429120	020	423000
2458	0528429130	020	290000
2459	0528439030	020	232000
2460	0528445010	020	199000
2461	0528456200	020	198600
2462	0528477010	060	405749
2463	0528477030	020	232600
2464	0528480070	060	266000
2465	0528480100	060	186500
2466	0528480110	060	200825
2467	0528480150	060	197000
2468	0528488110	020	185000
2469	0528488120	020	176000
2470	0528488130	020	187750
2471	0531363080	020	139500
2472	0531367010	020	186800
2473	0531375060	020	132000
2474	0531375070	020	142500
2475	0531375100	020	158000
2476	0531376030	060	184000
2477	0531376050	060	184900
2478	0531379030	060	187000
2479	0531450040	060	175900
2480	0531451290	060	248500
2481	0531452080	120	172000
2482	0531452100	120	151000
2483	0531452210	060	150000
2484	0531478010	020	107000
2485	0531479030	020	119900
2486	0532351060	020	129500
2487	0532351090	090	125000
2488	0532351150	090	119500
2489	0532353030	020	144000
2490	0532353180	080	151000
2491	0532376080	020	126000
2492	0532376180	020	116000
2493	0532376250	020	133500
2494	0532378050	020	120875
2495	0532378070	020	137000
2496	0532378130	020	124000
2497	0532378160	020	135000
2498	0532378220	020	129200
2499	0532476050	080	260000
2500	0533110130	060	260000
2501	0533125120	060	334000
2502	0533127080	060	310000
2503	0533128030	060	268000
2504	0533128090	020	262000
2505	0533206040	120	176400
2506	0533208050	120	197000
2507	0533212100	160	151000
2508	0533212110	160	147400
2509	0533212120	160	149900
2510	0533212130	160	144152
2511	0533221080	160	166000
2512	0533223010	160	183900
2513	0533223080	160	165000
2514	0533223110	160	139000
2515	0533241010	060	200000
2516	0533242030	020	221000
2517	0533250130	120	270000
2518	0533252020	020	165000
2519	0533253030	120	214000
2520	0533253050	120	188000
2521	0533253090	120	190000
2522	0533253160	120	170000
2523	0533350050	020	385000
2524	0534125210	190	146500
2525	0534126060	080	170000
2526	0534127190	020	262500
2527	0534127270	060	179900
2528	0534128210	060	250000
2529	0534129230	060	165150
2530	0534175100	020	164500
2531	0534176250	020	140000
2532	0534201130	080	135500
2533	0534201230	020	142000
2534	0534201250	060	155000
2535	0534201260	020	157500
2536	0534201280	020	138500
2537	0534201300	085	140000
2538	0534202020	020	124400
2539	0534202180	080	158000
2540	0534226060	020	146000
2541	0534250300	060	190000
2542	0534275010	020	136500
2543	0534276010	020	129900
2544	0534276230	090	145000
2545	0534400120	190	185900
2546	0534403280	020	160000
2547	0534403400	020	167000
2548	0534403440	060	157500
2549	0534427090	190	140000
2550	0534428060	020	150000
2551	0534429130	020	151500
2552	0534430050	030	129800
2553	0534430110	020	137000
2554	0534431030	020	137000
2555	0534451050	050	121600
2556	0534451120	030	85500
2557	0534451130	030	79900
2558	0534453150	050	127000
2559	0534455080	020	161000
2560	0534475160	020	146500
2561	0534476100	020	135000
2562	0534477030	020	137900
2563	0534479130	050	133000
2564	0534479240	060	137000
2565	0534479300	020	121000
2566	0535101110	090	119000
2567	0535103070	080	172000
2568	0535105160	020	98600
2569	0535125060	060	226000
2570	0535150240	020	118000
2571	0535150300	075	235000
2572	0535151080	020	135000
2573	0535151130	090	132500
2574	0535152070	080	143000
2575	0535152280	020	132000
2576	0535176050	020	145250
2577	0535177100	020	162000
2578	0535178100	080	148000
2579	0535179050	020	141000
2580	0535180020	020	153000
2581	0535180070	020	134450
2582	0535301010	090	135960
2583	0535301150	020	156000
2584	0535303050	020	140000
2585	0535304020	020	139500
2586	0535305120	020	155000
2587	0535325130	080	127000
2588	0535325340	020	133500
2589	0535325350	020	125000
2590	0535325450	020	142000
2591	0535325460	030	167000
2592	0535327210	020	159000
2593	0535353180	190	180000
2594	0535354130	050	127000
2595	0535355100	050	112000
2596	0535375040	030	99800
2597	0535376090	020	117000
2598	0535376100	030	108480
2599	0535377070	030	68000
2600	0535377100	050	86900
2601	0535379100	030	120000
2602	0535380010	070	155500
2603	0535380130	050	80000
2604	0535381060	050	105000
2605	0535382020	190	160000
2606	0535382130	050	170000
2607	0535401140	020	160000
2608	0535402070	080	159950
2609	0535402100	080	165000
2610	0535402220	050	159000
2611	0535402230	020	147000
2612	0535403040	020	115000
2613	0535403150	020	159500
2614	0535403200	020	120000
2615	0535404080	020	129900
2616	0535425040	020	183000
2617	0535425050	020	157500
2618	0535425080	060	277500
2619	0535426195	020	207500
2620	0535450100	050	147500
2621	0535450180	050	135000
2622	0535451190	020	109500
2623	0535451210	020	109900
2624	0535453160	020	133700
2625	0535454030	090	81400
2626	0535454050	090	87500
2627	0535454060	090	93500
2628	0535456010	090	119000
2629	0535456020	020	141000
2630	0535457070	020	146000
2631	0535477060	060	155000
2632	0535478010	085	134500
2633	0535478070	020	120000
2634	0535478090	020	105000
2635	0535478110	190	124000
2636	0902100110	070	169000
2637	0902100130	070	107000
2638	0902101050	050	135000
2639	0902103090	050	111500
2640	0902104020	050	156500
2641	0902106040	070	178000
2642	0902106090	070	139900
2643	0902108060	070	105000
2644	0902109010	030	110000
2645	0902110120	190	111500
2646	0902110130	030	108000
2647	0902111010	030	111500
2648	0902125020	070	124000
2649	0902128020	020	105000
2650	0902128100	050	116000
2651	0902134060	070	96900
2652	0902204060	190	135500
2653	0902204120	050	139000
2654	0902206020	030	61500
2655	0902206090	050	120000
2656	0902207080	020	126175
2657	0902207110	030	64000
2658	0902301120	190	137000
2659	0902305090	070	87000
2660	0902325050	075	163000
2661	0902325100	075	155000
2662	0902325160	050	79000
2663	0902328100	075	144000
2664	0902329070	070	114504
2665	0902329090	070	157000
2666	0902400090	030	125000
2667	0902400110	075	475000
2668	0902401090	090	93500
2669	0902406030	020	125000
2670	0902456015	050	64500
2671	0903200050	030	100000
2672	0903202120	050	140200
2673	0903206160	070	202500
2674	0903225090	050	159000
2675	0903229040	190	119900
2676	0903231070	050	114500
2677	0903231190	050	115000
2678	0903231220	050	75000
2679	0903231240	030	88000
2680	0903232170	050	80500
2681	0903233100	050	149000
2682	0903233220	050	110000
2683	0903234030	030	110500
2684	0903235020	030	89000
2685	0903236200	045	113000
2686	0903400030	030	109000
2687	0903425190	050	220000
2688	0903425340	190	129000
2689	0903430090	050	117000
2690	0903430130	030	52500
2691	0903451050	050	107000
2692	0903452090	070	116500
2693	0903454020	030	72000
2694	0903454080	050	119500
2695	0903455090	050	125500
2696	0903456060	030	91000
2697	0903456090	190	84500
2698	0903458010	030	90000
2699	0904100030	050	137500
2700	0904100090	090	150000
2701	0904100170	020	131000
2702	0904101040	080	130000
2703	0904301410	030	125000
2704	0904302020	030	80000
2705	0904302030	020	157000
2706	0905100030	020	148000
2707	0905101330	090	90000
2708	0905101450	020	154500
2709	0905103130	020	153600
2710	0905103140	080	164500
2711	0905103180	080	132000
2712	0905105010	020	142500
2713	0905106210	020	158000
2714	0905107070	060	149500
2715	0905107220	020	165000
2716	0905107240	020	180000
2717	0905107300	080	160500
2718	0905108090	090	156500
2719	0905108120	090	157000
2720	0905200280	050	172500
2721	0905200290	020	155000
2722	0905200340	020	170000
2723	0905200380	030	105000
2724	0905200490	080	145000
2725	0905201090	020	168000
2726	0905202190	020	278000
2727	0905202210	020	164000
2728	0905225080	050	225000
2729	0905300010	085	130000
2730	0905300080	020	142500
2731	0905351045	150	148400
2732	0905351150	120	190000
2733	0905402110	020	146000
2734	0905403050	050	128000
2735	0905426100	020	225000
2736	0905426150	080	274970
2737	0905427010	070	235000
2738	0905427030	075	415000
2739	0905427140	080	182000
2740	0905451050	020	135000
2741	0905451410	020	137000
2742	0905452140	050	136900
2743	0905452150	050	149900
2744	0905475150	020	123500
2745	0905477010	020	93000
2746	0905480160	050	91500
2747	0906202040	020	180000
2748	0906204180	060	209000
2749	0906223180	060	215000
2750	0906225180	090	224500
2751	0906380110	060	229800
2752	0906380150	020	183600
2753	0906380170	020	194000
2754	0906380180	020	193879
2755	0906382030	020	221500
2756	0906382040	020	204900
2757	0906382050	060	239799
2758	0906392090	020	233555
2759	0906392100	020	260000
2760	0906392120	020	294900
2761	0906394010	060	209700
2762	0906394040	020	225000
2763	0906394060	060	181000
2764	0906420020	060	220000
2765	0906426090	020	190000
2766	0906475050	080	180000
2767	0906475200	020	280000
2768	0906476140	020	158900
2769	0907125020	085	148000
2770	0907125080	020	145000
2771	0907130110	060	187000
2772	0907131070	020	193000
2773	0907135230	020	156000
2774	0907175030	020	235000
2775	0907175060	020	217000
2776	0907180120	020	214000
2777	0907181090	060	196000
2778	0907187010	060	217000
2779	0907192010	060	200000
2780	0907194130	060	192500
2781	0907196020	020	205000
2782	0907200170	080	132500
2783	0907201160	060	157500
2784	0907201230	080	174000
2785	0907202140	020	128500
2786	0907203010	020	128500
2787	0907203040	020	149900
2788	0907227090	020	119900
2789	0907230240	160	137000
2790	0907251100	060	255000
2791	0907252050	060	222000
2792	0907254050	060	214000
2793	0907255010	020	220000
2794	0907255050	020	275000
2795	0907262080	060	197000
2796	0907265030	020	230000
2797	0907270050	060	268500
2798	0907275030	060	210900
2799	0907285010	060	227000
2800	0907285100	060	237000
2801	0907290020	060	274300
2802	0907290080	020	216837
2803	0907290160	120	133000
2804	0907290230	120	155900
2805	0907290260	060	233230
2806	0907401050	020	207000
2807	0907401080	060	195000
2808	0907405030	020	200000
2809	0907410040	060	203160
2810	0907410100	060	195800
2811	0907410110	020	212900
2812	0907412010	060	196500
2813	0907414040	020	198000
2814	0907418020	060	173900
2815	0907420070	060	163990
2816	0907420090	020	164990
2817	0908102020	070	98000
2818	0908102320	020	149900
2819	0908102330	020	102000
2820	0908103310	090	127500
2821	0908103320	090	127500
2822	0908127050	020	119900
2823	0908128100	060	196500
2824	0908130020	020	117250
2825	0908178050	060	229000
2826	0908186060	180	145000
2827	0908186070	180	140000
2828	0908186090	180	142500
2829	0908188110	160	134000
2830	0908188120	160	130000
2831	0908188130	160	130000
2832	0908188140	160	137500
2833	0908188150	160	130000
2834	0908225180	050	97900
2835	0908227010	050	92000
2836	0908227030	050	107000
2837	0908227040	050	81000
2838	0908228040	050	104900
2839	0908275220	020	115000
2840	0908275290	020	125000
2841	0909101050	050	116000
2842	0909101080	050	83000
2843	0909101190	075	118500
2844	0909101330	030	35000
2845	0909103020	050	121000
2846	0909131125	190	160000
2847	0909175030	050	140000
2848	0909176180	050	137000
2849	0909201180	190	128000
2850	0909250070	070	160000
2851	0909250120	070	138887
2852	0909250200	070	149000
2853	0909250210	050	102000
2854	0909253080	070	167000
2855	0909254070	070	200100
2856	0909256010	050	131000
2857	0909256020	050	112000
2858	0909275230	070	140000
2859	0909275250	050	195000
2860	0909276010	070	230000
2861	0909276070	050	194000
2862	0909279040	030	137500
2863	0909280030	050	250000
2864	0909280070	050	218000
2865	0909281010	070	239000
2866	0909282060	070	199500
2867	0909282110	070	210000
2868	0909425120	020	230000
2869	0909425180	020	217500
2870	0909426060	060	257000
2871	0909428110	190	157000
2872	0909475020	020	223000
2873	0910200020	030	102000
2874	0910200060	050	145400
2875	0910203100	030	72000
2876	0910203230	030	85000
2877	0910207110	030	106500
2878	0910226060	050	139000
2879	0911175360	050	108000
2880	0911175410	030	51689
2881	0911175430	020	35311
2882	0911175440	190	115000
2883	0911225110	050	78000
2884	0911370430	120	375000
2885	0911370530	120	300000
2886	0913350030	020	242500
2887	0914452060	090	145000
2888	0914474020	020	209000
2889	0914476050	090	135000
2890	0914476130	080	148000
2891	0914476500	090	171000
2892	0916225130	060	335000
2893	0916252170	120	230000
2894	0916325040	020	250764
2895	0916326010	020	228000
2896	0916402125	020	176000
2897	0916403020	020	180000
2898	0916403130	060	250000
2899	0916460070	020	202000
2900	0916475100	020	312500
2901	0916477010	020	320000
2902	0921205030	020	369900
2903	0921205050	020	359900
2904	0923125030	020	81500
2905	0923202025	090	215000
2906	0923203090	120	164000
2907	0923203100	120	153500
2908	0923205120	020	84500
2909	0923225190	160	104500
2910	0923225240	160	127000
2911	0923225260	160	151400
2912	0923225510	020	126500
2913	0923226150	090	146500
2914	0923226180	180	73000
2915	0923226290	160	79400
2916	0923227100	020	140000
2917	0923228130	180	92000
2918	0923228180	160	87550
2919	0923228210	160	79500
2920	0923228260	160	90500
2921	0923228310	160	71000
2922	0923229110	090	150900
2923	0923230040	090	188000
2924	0923250060	020	160000
2925	0923251180	020	131000
2926	0923275080	080	142500
2927	0923276100	020	131000
2928	0923400125	085	132000
2929	0924100070	020	170000
2930	0924151050	060	188000